17185223
17919655
13174453
770405
11079808
14700630
15038705
15612710
15645471
15812854
16292785
17718517
17763486
17765264
18458342
20798054
21280577
21678538
22799266
23606628
24402879
24973817
20662518
23362147
21173184
14652074
24014395
23801186
15844935
15257441
11336289
24704088
23902230
21175699
18836015
18223111
17369815
16491356
15575696
15303858
12904561
12435693
10559177
9613575
9563840
9493390
9393448
9353926
7737500
7749919
8300527
8448148
8449313
8416893
1618327
1840640
2234082
2185216
2681144
2575703
2469627
10413619
11728154
12423021
12620260
14602658
16536629
17483290
18375156
23360970
23633564
23844627
12811466
20348291
12583909
21330439
19651421
11897600
5593974
11560371
20094652
23968564
15328113
15797213
17539640
18223152
18387946
19702337
20704329
17827660
19670201
21513878
23521145
23744829
12819191
11094342
21642985
15123265
20081823
9387157
12889805
22156425
17379718
16707708
18708355
19281218
8449312
18404760
24595070
24815182
21139626
16707694
11495990
12770824
15583005
15726184
16039529
17383964
17713071
20013982
21318358
24625190
25489112
17722122
24038656
19928906
24043447
23800859
21342468
21244022
17768249
16391039
15255901
15112992
24838618
23024027
24162851
17704772
11137817
770404
8654997
9150235
10102355
11254130
10650222
17085966
19908837
1577660
21965680
24022606
12115055
16208464
15289555
20863139
17524987
18614525
25140825
21699219
9384377
19383706
10390204
11495926
12404385
11880037
11932455
25291769
23135477
12000953
8843436
17074905
16956972
15870461
22998630
23451921
6235127
4613708
16799553
24865933
17005978
19710707
18990191
23456955
15942003
16194230
16140533
23336063
19915026
24742428
24274668
17940045
21640802
22278953
25239907
22578145
23841701
21883794
22614917
24269153
19691450
24449899
14702401
15113000
16007453
17009278
17044690
25358800
16426969
17584611
17291795
18029206
17704773
16408310
24146831
17159203
24848421
23161816
24782066
24617259
24478763
22612591
9457855
21983601
20473441
19678698
19246004
19265401
25215495
18503195
11200234
17392281
18375553
18364359
18310036
18722414
16873023
7961465
12057957
17379141
19640006
24164498
22505780
12480894
12604514
12670542
15977275
15870333
15723521
12904558
12898629
12777382
17464055
17308937
17077503
16849806
16834331
16276503
17580964
24407645
21890635
20946900
14285468
14285469
5396481
12368465
11036020
15554710
14993313
15123279
14622269
12436260
16274243
18288655
17584615
23652970
21953874
10770754
10801869
12736771
14694473
17139092
15942002
15752721
24407644
19762445
18568336
18997325
19857499
17329822
16514445
16411240
16171397
12876368
12680772
11325587
13355385
13355386
19557032
24543916
25036635
19717629
24467333
16957125
4217145
24420617
12725858
12055309
24814673
24520059
20043306
7737149
9128724
12423351
19351877
20039253
20157116
20418426
20578003
16060385
23912167
24898429
24588891
8544177
11577160
25267678
20876130
15184904
20713732
24347692
19255478
14702400
21956130
9770448
18811645
10099135
22035801
15066027
24919072
22999880
14756782
3346087
1855748
9371453
21342465
22267658
22587000
23919735
21857911
22378565
22861048
22971101
23772837
24123503
25275920
24367419
11175751
13836892
18635006
12383521
12183628
10639366
12785829
14580219
14987060
16104723
16887797
17234789
17516659
17887753
18052279
18182490
18426211
19246381
19817865
19856960
20551990
21250756
22519717
22591508
21387511
22444595
24981773
15332855
10482399
10496976
9443933
7565634
16834357
17928301
19835378
20660778
21387490
21357626
22103656
22991895
22458477
18001088
12088429
21393570
19951434
19494914
16460000
17918933
20534556
20718468
23688303
25879325
25527531
25270390
27494047
21454714
19590008
21416665
17049458
17311457
19081934
21210656
22831455
9531983
9531984
10344562
19266534
23106426
22247174
23488861
24568283
9177176
23677853
8807054
16452404
21384874
22784372
15077674
14762003
17704766
20189105
21035728
12446651
12598647
15112993
17502372
21192727
22765305
10557314
21483852
25369527
23913777
22064543
19164156
20232845
21825154
23157615
23361357
22921072
25415678
25537663
17400768
18291316
24554531
21304647
24475038
25255985
25346446
18236486
18957859
25372119
25831524
26963294
25571861
25730866
25892546
25763681
25741696
25865308
20192828
18805498
26496685
21351751
26505309
26184239
26496684
26278892
24120331
26305803
26270237
26566170
26473393
11562468
18498160
27234886
20808316
26805858
27416025
26648119
26905289
27502607
26754528
26972702
26853480
26829473
27195476
11035722
25510965
28128551
15326518
15940739
21077936
22179067
27867014
28452105
25769015
14698035
10724015
29434326
26335778
29940102
29983054
29507203
5045467
29361220
27994019
28383583
27531515
29090939
28418225
28426198
28544148
29131568
27999165
28270798
27983606
29659660
28678182
29466301
28207275
29515228
29349495
28252962
22627757
29915235
28712746
29558441
27746324
29979567
29308897
28253280
26910858
29317534
27001601
29324854
29062311
29914489
28103675
29371699
23301954
29697266
28553520
28604695
25930739
