175
137
54675818
6997237
54675850
168965
54675830
54693536
51387508
500
4409936
137
446596
83887
23217
9084
637542
242
49
227
54675842
4678093
5488588
11005
4419940
86
4592697
23736
5316899
985
955
119389
73554357
127
54675866
955
6581
4398339
53933915
5699
979
4328335
21953369
5957728
4149208
118796915
5280450
4359436
689043
3037032
57466721
4149208
444899
445639
92934
5461016
19813251
15944652
10917
563
71080
6288
239
160603
145742
99288
6971017
71081
3716971
104775
5459847
86289540
5460660
6590
5960
487
104745
22169126
445858
54675858
446284
114781
5461021
8050
637775
177747
3660103
119389
154342
3541112
